0.99  0.01  0.00
0.95  0.04  0.00
0.83  0.16  0.01
0.52  0.43  0.05
0.21  0.68  0.11
0.07  0.74  0.19
0.02  0.70  0.28
0.01  0.64  0.35
0.00  0.57  0.42
0.00  0.51  0.49
0.00  0.46  0.54
0.00  0.41  0.59
0.00  0.36  0.64
0.00  0.32  0.68
0.00  0.29  0.71
0.00  0.26  0.74
0.00  0.23  0.77
0.00  0.20  0.80
0.00  0.18  0.82
0.00  0.16  0.84
0.00  0.14  0.86
0.00  0.13  0.87
0.00  0.12  0.88
0.00  0.10  0.90
0.00  0.09  0.91
0.00  0.08  0.92
0.00  0.07  0.93
0.00  0.06  0.94
0.00  0.06  0.94
0.00  0.05  0.95
0.00  0.05  0.95
0.00  0.04  0.96
0.00  0.04  0.96
0.00  0.03  0.97
0.00  0.03  0.97
0.00  0.03  0.97
0.00  0.02  0.98
0.00  0.02  0.98
0.00  0.02  0.98
0.00  0.02  0.98
0.00  0.01  0.99
